0.10868060362730167
0.29904471826111034
0.5227744704416447
0.6054271078499238
0.6790807143846047
0.7222760625778762
0.7568877197840232
0.7818081129724491
0.7942683095666621
0.8126817112003323
0.825557247681019
0.8434168627993909
0.8502007476117956
0.8622456043195348
0.8756749273155199
0.8785823065208362
0.8863353177350132
0.8951959019797868
0.9066869721722276
0.9076560985739998
0.9184549356223176
0.9197009552817389
0.9241312474041257
0.9245465872905995
0.9274539664959158
0.9304997923300568
0.9336840647930222
0.9356223175965666
0.9352069777100928
0.9385296968018829
0.9397757164613042
0.9390834833171813
0.9430984355530942
0.9428215422954451
0.9439291153260418
0.9421293091513222
0.945867368129586
0.9471133877890073
0.9469749411601828
0.9507130001384466
0.951266786653745
0.9484978540772532
0.9533434860861139
0.9525128063131663
0.9552817388896581
0.9527896995708155
0.9570815450643777
0.9555586321473072
0.9563893119202548
0.9574968849508515
0.9566662051779039
0.9588813512390973
0.9584660113526235
0.9595735843832203
0.9588813512390973
0.9595735843832203
0.9613733905579399
0.9610964973002908
0.960681157413817
0.9633116433614841
0.961650283815589
0.9628963034750104
0.9644192163920808
0.9645576630209054
0.9644192163920808
0.9634500899903088
0.9651114495362038
0.9681572753703447
0.9681572753703447
0.9667728090820988
0.9655267894226776
0.9659421293091514
0.9666343624532743
0.9689879551432923
0.9664959158244497
0.9678803821126956
0.9706493146891874
0.9698186349162398
0.9689879551432923
0.9694032950297661
0.9696801882874152
0.9702339748027136
0.9694032950297661
0.9718953343486086
0.9712031012044857
0.971064654575661
0.9712031012044857
0.9732798006368545
0.972449120863907
0.9731413540080299
0.9721722276062578
0.9739720337809774
0.9728644607503807
0.974110480409802
0.9742489270386266
0.9728644607503807
0.9739720337809774
0.9745258202962758
0.9728644607503807
0.9749411601827496
