3.1804364763038335
2.2603119557771625
1.5345835448730756
1.208924471696592
1.00769014840771
0.8722756890796417
0.7683704064878651
0.6977054126561719
0.6418936279536978
0.5983869583796847
0.5605937373179338
0.5255533069368051
0.49819170987195094
0.4709113908741558
0.44307438731729926
0.423353303740118
0.40173489507068544
0.38148120182646156
0.3621518175456393
0.3470270929348266
0.3271879345976991
0.3130328506726432
0.300152548817936
0.2931149728492028
0.28070011612831947
0.27018818099871245
0.2658151411676397
0.2561602575499959
0.2512355625606732
0.24222919933892972
0.2380815579379412
0.23267541270717002
0.22577309792274156
0.22081010871509196
0.21758183432792208
0.2162676272751609
0.2102345149480833
0.20435082921677064
0.20203528706890533
0.19569198046692945
0.19289952633528767
0.190302499547904
0.18472485472185782
0.1843495955333582
0.1800894958259664
0.18012586503573175
0.17273290461839838
0.1720759983155291
0.16861698986601667
0.16740052179884304
0.164286125701467
0.16341549757557053
0.1592045682667448
0.15920723505523435
0.15567108481311656
0.1538576588568951
0.14940719472644864
0.14965745228224475
0.14864331569456088
0.14528059958431688
0.14440559672232225
0.14456592628606738
0.13931559853819983
0.13896176276518857
0.1364902106107156
0.13566546043798597
0.13443252754157994
0.13020538867564846
0.13006493948538242
0.1294515701912103
0.12776772761141084
0.12584011122392483
0.12512315142831157
0.1237230586682547
0.12584279725054995
0.12119744657396354
0.1177270421463025
0.11743320882367854
0.11707740407782641
0.11692663744825905
0.11552932934179772
0.1121852905328976
0.11315176133610536
0.1110169483328355
0.10868204849994316
0.10864422240227598
0.10946600640969611
0.10520313892224176
0.10454882938086277
0.10696540966064716
0.10239665014054262
0.10233268925099306
0.10222325660262546
0.10068695259757704
0.09797995304849984
0.09932384870829847
0.09831625409411411
0.09838021744613058
0.09741568429673805
0.09495812225349327
