3.236149483599789
2.9268779145306403
2.135145121394441
1.7165341092727198
1.510724691494373
1.382111219674551
1.2996433205705558
1.228020230002075
1.1835477697243573
1.1427871869175814
1.1096840663974872
1.0784764889780873
1.054980522300932
1.0272284274894776
1.0039649316763821
0.9883198788683285
0.9600563347793494
0.9420906796393328
0.9208583270481843
0.8961157734813608
0.8794535494124677
0.8584333266988118
0.8409978845484878
0.8188494751612829
0.8015458536671252
0.7780446920734222
0.7608139275860856
0.7412785205891567
0.7188531087406385
0.697496290494411
0.6752430288832587
0.6528398169179579
0.6402957792239524
0.6182224978399494
0.6013113056113147
0.583222610574506
0.5685459815422683
0.5505902931438693
0.5325740073734945
0.5198832536096901
0.5077986990779981
0.4935423605671124
0.47830483748545427
0.46313340750886645
0.4528959153139342
0.44075258222665054
0.4344328682202803
0.41737235184935806
0.40843360282601404
0.39448115366384556
0.390108969856312
0.3770087704250196
0.3703652726973455
0.3601097370487954
0.3521384432794281
0.3459029943266685
0.3387418738093779
0.33208242241537145
0.32770166156609004
0.3239004354442765
0.31334561867907357
0.3098927001869449
0.3051319432282537
0.29593451078514404
0.29696342466644315
0.2873253413993996
0.2808051725392293
0.27675684454301447
0.2749056440859179
0.2712110349874689
0.26606855308656363
0.25796162933173084
0.2543460768163328
0.249812593810218
0.24798789140954666
0.24464929686446904
0.24065817754741983
0.238500911469615
0.22989631009847855
0.22887949104802885
0.22524629875854593
0.22411897911575548
0.22063786663691637
0.21598883501377675
0.21549496110866526
0.20821932338515461
0.20765948085784583
0.2049694619031019
0.20633140878776887
0.2004914579764225
0.19783370897935135
0.19618091320485664
0.19526856181008176
0.18838629941646204
0.19007336928002577
0.19013825351214797
0.18187841890006123
0.1810366410587231
0.1821613592100444
0.1795658518980699
