0.07531496608057593
0.1574138169735567
0.3389173473625917
0.4708569846324242
0.5162674788868891
0.5542018551848262
0.5691540910978817
0.5925515713692372
0.6097189533434861
0.6221791499376991
0.6343624532742628
0.6500069223314412
0.6555447874844248
0.6641284784715492
0.6782500346116572
0.6782500346116572
0.6940329502976602
0.6995708154506438
0.7004014952235913
0.7195071300013844
0.7253218884120172
0.7300290737920532
0.7315519867091236
0.7453966495915825
0.7496884950851447
0.7617333517928838
0.7717015090682542
0.7708708292953067
0.7844385989201162
0.7932991831648899
0.8016059808943652
0.8070053994185241
0.8063131662744012
0.8173888965803683
0.8243112280215976
0.8237574415062994
0.8345562785546172
0.8414786099958466
0.84037103696525
0.8472933684064793
0.8517236605288662
0.8591997784853939
0.8583690987124464
0.8675065762148692
0.8722137615949052
0.875951820573169
0.8767825003461166
0.8838432784161706
0.8814896857261526
0.8889658036826803
0.8891042503115049
0.8917347362591721
0.8953343486086114
0.8992108542156998
0.9044718261110342
0.9054409525128063
0.9053025058839818
0.9084867783469472
0.9068254188010522
0.9055793991416309
0.911255710923439
0.9134708569846324
0.913609303613457
0.9177627024781947
0.9138861968711062
0.9174858092205455
0.922331441229406
0.9235774608888273
0.9217776547141077
0.9257926069500207
0.9257926069500207
0.9318842586183026
0.9327149383912502
0.9335456181641977
0.9321611518759518
0.9327149383912502
0.9365914439983386
0.9339609580506715
0.9396372698324795
0.9357607642253911
0.9397757164613042
0.9367298906271633
0.9397757164613042
0.9433753288107435
0.9417139692648484
0.9469749411601828
0.9450366883566386
0.9455904748719368
0.9439291153260418
0.9478056209331303
0.9469749411601828
0.9466980479025335
0.9483594074484286
0.9511283400249204
0.9491900872213762
0.9471133877890073
0.9529281461996401
0.9527896995708155
0.9523743596843417
0.9516821265402188
