2.8276561095454933
1.8796058595049874
1.4767170902468743
1.2472065275706334
1.1117954724037593
1.0178167171413774
0.9471292040434498
0.885984985622663
0.8342623669164004
0.7885041805359214
0.750644368850354
0.7156750569343417
0.6882481973533587
0.6639821615926952
0.6444292729585752
0.6249648049017462
0.6106119008449168
0.598353235219116
0.584132199552349
0.5715547687453897
0.5605592137549396
0.5528408873636607
0.5455027202785676
0.5356077735444496
0.52717390889194
0.5232199325423196
0.5155103133393107
0.5116980416130218
0.5047874307130795
0.5007314661226019
0.4967012898004438
0.49037363436508136
0.4864150235014513
0.4822247053321403
0.48032864601276615
0.4758515753991782
0.4725802061607263
0.46983032596007535
0.46692633421503615
0.4628923362064648
0.459707837891725
0.4580526026499444
0.4552320355480753
0.45284197068395815
0.4502853392580499
0.4479488805071713
0.4452021449964805
0.4419784629749546
0.4395140454017255
0.4397058622037113
0.4376520100056965
0.43358963274729556
0.43344079071409874
0.43037185214454765
0.4295758982538632
0.4286040866759046
0.4261303902441263
0.4246286217348854
0.4223341988070113
0.4211310948015969
0.42139276977572715
0.41732778551116584
0.41573470116792577
0.41409554216739897
0.41221362408638984
0.4122523432145533
0.41101175018494246
0.4096728822896294
0.4068072151349074
0.4063952030014832
0.40528803830700993
0.40481416495234973
0.4013526165242395
0.4026211107114611
0.3993294998537778
0.3989547936615435
0.39825683434561665
0.39667759707321304
0.3958565243000497
0.39471208960950704
0.39489945568313684
0.392897457641153
0.3917578709574168
0.3910426609976289
0.39103517701935775
0.3881065919132162
0.3872144024286551
0.3874842262225516
0.38497423774814316
0.38471656491013817
0.384672785250961
0.38439405753408873
0.38253235642926725
0.38170795861254414
0.3809739940040613
0.38119209428953016
0.3798003407949063
0.37865380365213713
0.3784011907488755
0.37687035890809206
