0.1738368088170831
0.44793036508234707
0.5960924290813451
0.6635356002254368
0.6952219926106832
0.7229632412799799
0.7409355626526395
0.761412737178283
0.7775690400150291
0.7933496148788277
0.8006136890224811
0.8091301897426263
0.8173335838186486
0.8235330953722838
0.8274782390882335
0.8341160999436408
0.8374350303713445
0.8423194940196631
0.8457010457761913
0.8484563842444737
0.8500845387939132
0.8507107520821592
0.8540923038386875
0.8539044398522136
0.856972884964619
0.8577869622393387
0.8596029807752521
0.8598534660905505
0.8612937566535162
0.8637359884776755
0.8620452125994114
0.8644248230947461
0.8651136577118167
0.8669922975765546
0.8671175402342037
0.8684952094683449
0.8687456947836433
0.8684952094683449
0.8696850147160122
0.8696223933871877
0.8700607426889598
0.871125305278978
0.8710000626213288
0.8723151105266453
0.871125305278978
0.8725029745131192
0.8733170517878389
0.8740058864049095
0.8753209343102261
0.8753835556390507
0.8750704489949277
0.8758845262696474
0.8760723902561213
0.875947147598472
0.8763228755714196
0.8774500594902623
0.8775753021479116
0.8780762727785084
0.8779510301208592
0.8787024860667544
0.8783893794226314
0.8783267580938068
0.8791408353685265
0.8793913206838249
0.8798296699855971
0.8798296699855971
0.8787024860667544
0.880455883273843
0.8802053979585447
0.882021416494458
0.8808942325756153
0.882021416494458
0.8823971444674056
0.8811447178909136
0.8820840378232826
0.8817709311791596
0.8819587951656335
0.8832738430709499
0.8830233577556516
0.882647629782704
0.8832112217421254
0.8835243283862484
0.8836495710438975
0.8850272402780387
0.8840879203456697
0.8853403469221617
0.8843384056609681
0.884526269647442
0.8859665602104076
0.8850898616068633
0.8847767549627403
0.886217045525706
0.8849646189492141
0.8861544241968815
0.8866553948274782
0.8867180161563029
0.8869685014716012
0.886530152169829
0.8875320934310226
0.8859665602104076
